0.000000000000000000e+00 5.000000000000000000e-01
5.005005005005005003e+00 7.883306425131898498e-01
1.001001001001001001e+01 8.751514710836267863e-01
1.501501501501501501e+01 9.148633248562239029e-01
2.002002002002002001e+01 9.367150403750142962e-01
2.502502502502502324e+01 9.501973235708232046e-01
3.003003003003003002e+01 9.592034720518545221e-01
3.503503503503503680e+01 9.655819179527580509e-01
4.004004004004004003e+01 9.703059930138266953e-01
4.504504504504504325e+01 9.739300414250378068e-01
5.005005005005004648e+01 9.767899286443617601e-01
5.505505505505505681e+01 9.790996159323761550e-01
6.006006006006006004e+01 9.810011815577150962e-01
6.506506506506507037e+01 9.825923194183725506e-01
7.007007007007007360e+01 9.839422289150083767e-01
7.507507507507507682e+01 9.851011946030137079e-01
8.008008008008008005e+01 9.861065764533116784e-01
8.508508508508508328e+01 9.869866767728513457e-01
9.009009009009008651e+01 9.877633070562892303e-01
9.509509509509508973e+01 9.884535345436198384e-01
1.001001001001000930e+02 9.890634582631118166e-01
1.051051051051051104e+02 9.896187877333811889e-01
1.101101101101101136e+02 9.901212808295384304e-01
1.151151151151151169e+02 9.905781327267083602e-01
1.201201201201201201e+02 9.909952830537404056e-01
1.251251251251251233e+02 9.913776745144811109e-01
1.301301301301301407e+02 9.917294510495401338e-01
1.351351351351351298e+02 9.920541114557339668e-01
1.401401401401401472e+02 9.923546297490158929e-01
1.451451451451451362e+02 9.926335503693058948e-01
1.501501501501501536e+02 9.928930641236636268e-01
1.551551551551551427e+02 9.931350692033082961e-01
1.601601601601601601e+02 9.933612205025569297e-01
1.651651651651651775e+02 9.935729696705518643e-01
1.701701701701701666e+02 9.937715977479859575e-01
1.751751751751751840e+02 9.939582418178907197e-01
1.801801801801801730e+02 9.941339167875474780e-01
1.851851851851851904e+02 9.942995331869621811e-01
1.901901901901901795e+02 9.944559116943856303e-01
1.951951951951951969e+02 9.946037949804550360e-01
2.002002002002001859e+02 9.947438573197250333e-01
2.052052052052052034e+02 9.948767124255858407e-01
2.102102102102102208e+02 9.950029198004819442e-01
2.152152152152152098e+02 9.951229898962850040e-01
2.202202202202202272e+02 9.952373884075434995e-01
2.252252252252252163e+02 9.953465397731126041e-01
2.302302302302302337e+02 9.954508302003870490e-01
2.352352352352352227e+02 9.955506103030551390e-01
2.402402402402402402e+02 9.956461974689585492e-01
2.452452452452452576e+02 9.957378780927986783e-01
2.502502502502502466e+02 9.958259097292873063e-01
2.552552552552552640e+02 9.959105232380767170e-01
2.602602602602602815e+02 9.959919249127585639e-01
2.652652652652652705e+02 9.960702987194641755e-01
2.702702702702702595e+02 9.961458085070632462e-01
2.752752752752752485e+02 9.962186002825063058e-01
2.802802802802802944e+02 9.962888044877461491e-01
2.852852852852852834e+02 9.963565382548026372e-01
2.902902902902902724e+02 9.964219076024137811e-01
2.952952952952953183e+02 9.964850095347598247e-01
3.003003003003003073e+02 9.965459340021411982e-01
3.053053053053052963e+02 9.966047656854002401e-01
3.103103103103102853e+02 9.966615855699451076e-01
3.153153153153153312e+02 9.967164722812114075e-01
3.203203203203203202e+02 9.967695031608742040e-01
3.253253253253253092e+02 9.968207550717202992e-01
3.303303303303303551e+02 9.968703049283124118e-01
3.353353353353353441e+02 9.969182299600588548e-01
3.403403403403403331e+02 9.969646077224708636e-01
3.453453453453453221e+02 9.970095158809630931e-01
3.503503503503503680e+02 9.970530317990519142e-01
3.553553553553553570e+02 9.970952319689414534e-01
3.603603603603603460e+02 9.971361913270176958e-01
3.653653653653653919e+02 9.971759824995054533e-01
3.703703703703703809e+02 9.972146750243682245e-01
3.753753753753753699e+02 9.972523345944567241e-01
3.803803803803803589e+02 9.972890223637611573e-01
3.853853853853854048e+02 9.973247943413949823e-01
3.903903903903903938e+02 9.973597010060900603e-01
3.953953953953953828e+02 9.973937868501315807e-01
4.004004004004003718e+02 9.974270904054125531e-01
4.054054054054054177e+02 9.974596442165785115e-01
4.104104104104104067e+02 9.974914750569133792e-01
4.154154154154153957e+02 9.975226044942323567e-01
4.204204204204204416e+02 9.975530491195350180e-01
4.254254254254254306e+02 9.975828215689082068e-01
4.304304304304304196e+02 9.976119311502232856e-01
4.354354354354354086e+02 9.976403847272017344e-01
4.404404404404404545e+02 9.976681876173342234e-01
4.454454454454454435e+02 9.976953444768598134e-01
4.504504504504504325e+02 9.977218601467929826e-01
4.554554554554554784e+02 9.977477404244237125e-01
4.604604604604604674e+02 9.977729927302646518e-01
4.654654654654654564e+02 9.977976266454738896e-01
4.704704704704704454e+02 9.978216543008695538e-01
4.754754754754754913e+02 9.978450906054511238e-01
4.804804804804804803e+02 9.978679533095702325e-01
4.854854854854854693e+02 9.978902629052028850e-01
4.904904904904905152e+02 9.979120423728474742e-01
4.954954954954955042e+02 9.979333167911018654e-01
5.005005005005004932e+02 9.979541128306714803e-01
5.055055055055054822e+02 9.979744581591997177e-01
5.105105105105105281e+02 9.979943807867011074e-01
5.155155155155155171e+02 9.980139083833783342e-01
5.205205205205205630e+02 9.980330676021800240e-01
5.255255255255254951e+02 9.980518834435195830e-01
5.305305305305305410e+02 9.980703786559371737e-01
5.355355355355355869e+02 9.980885732862295745e-01
5.405405405405405190e+02 9.981064842839855178e-01
5.455455455455455649e+02 9.981241252625775440e-01
5.505505505505504971e+02 9.981415063919053532e-01
5.555555555555555429e+02 9.981586344317662229e-01
5.605605605605605888e+02 9.981755129026516071e-01
5.655655655655655210e+02 9.981921423846197294e-01
5.705705705705705668e+02 9.982085209292607120e-01
5.755755755755756127e+02 9.982246445649084476e-01
5.805805805805805448e+02 9.982405078713714186e-01
5.855855855855855907e+02 9.982561045976744429e-01
5.905905905905906366e+02 9.982714282947997564e-01
5.955955955955955687e+02 9.982864729351541566e-01
6.006006006006006146e+02 9.983012334915229991e-01
6.056056056056056605e+02 9.983157064505179257e-01
6.106106106106105926e+02 9.983298902388387797e-01
6.156156156156156385e+02 9.983437855449281972e-01
6.206206206206205707e+02 9.983573955235660602e-01
6.256256256256256165e+02 9.983707258763874215e-01
6.306306306306306624e+02 9.983837848070209464e-01
6.356356356356355946e+02 9.983965828551636390e-01
6.406406406406406404e+02 9.984091326193280658e-01
6.456456456456456863e+02 9.984214483828460773e-01
6.506506506506506184e+02 9.984335456617907667e-01
6.556556556556556643e+02 9.984454406968029661e-01
6.606606606606607102e+02 9.984571499129875072e-01
6.656656656656656423e+02 9.984686893729914914e-01
6.706706706706706882e+02 9.984800742484799541e-01
6.756756756756756204e+02 9.984913183339106935e-01
6.806806806806806662e+02 9.985024336242449561e-01
6.856856856856857121e+02 9.985134299750590969e-01
6.906906906906906443e+02 9.985243148594759033e-01
6.956956956956956901e+02 9.985350932317614836e-01
7.007007007007007360e+02 9.985457675024577151e-01
7.057057057057056682e+02 9.985563376247756917e-01
7.107107107107107140e+02 9.985668012869507448e-01
7.157157157157157599e+02 9.985771542005131840e-01
7.207207207207206920e+02 9.985873904702132764e-01
7.257257257257257379e+02 9.985975030278324560e-01
7.307307307307307838e+02 9.986074841094384480e-01
7.357357357357357159e+02 9.986173257539561199e-01
7.407407407407407618e+02 9.986270203002324264e-01
7.457457457457456940e+02 9.986365608601519561e-01
7.507507507507507398e+02 9.986459417467232758e-01
7.557557557557557857e+02 9.986551588383594247e-01
7.607607607607607179e+02 9.986642098640046150e-01
7.657657657657657637e+02 9.986730945964654715e-01
7.707707707707708096e+02 9.986818149364226072e-01
7.757757757757757417e+02 9.986903749630889893e-01
7.807807807807807876e+02 9.986987807110533355e-01
7.857857857857858335e+02 9.987070400872909426e-01
7.907907907907907656e+02 9.987151625281847078e-01
7.957957957957958115e+02 9.987231586582614451e-01
8.008008008008007437e+02 9.987310398847603077e-01
8.058058058058057895e+02 9.987388179591218940e-01
8.108108108108108354e+02 9.987465045258535623e-01
8.158158158158157676e+02 9.987541106795579937e-01
8.208208208208208134e+02 9.987616465502825447e-01
8.258258258258258593e+02 9.987691209358093847e-01
8.308308308308307915e+02 9.987765409988357268e-01
8.358358358358358373e+02 9.987839120321188036e-01
8.408408408408408832e+02 9.987912373264979937e-01
8.458458458458458153e+02 9.987985181132288393e-01
8.508508508508508612e+02 9.988057536102872280e-01
8.558558558558559071e+02 9.988129411409153446e-01
8.608608608608608392e+02 9.988200763783759983e-01
8.658658658658658851e+02 9.988271536012565122e-01
8.708708708708708173e+02 9.988341660463949667e-01
8.758758758758758631e+02 9.988411063131740208e-01
8.808808808808809090e+02 9.988479667527762063e-01
8.858858858858858412e+02 9.988547398944354061e-01
8.908908908908908870e+02 9.988614188446497399e-01
8.958958958958959329e+02 9.988679976562571117e-01
9.009009009009008651e+02 9.988744716487639730e-01
9.059059059059059109e+02 9.988808376686917345e-01
9.109109109109109568e+02 9.988870942592621427e-01
9.159159159159158889e+02 9.988932417907894212e-01
9.209209209209209348e+02 9.988992824498360568e-01
9.259259259259259807e+02 9.989052201854869972e-01
9.309309309309309128e+02 9.989110605578720437e-01
9.359359359359359587e+02 9.989168105162665734e-01
9.409409409409408909e+02 9.989224781149118604e-01
9.459459459459459367e+02 9.989280721802344942e-01
9.509509509509509826e+02 9.989336019452126347e-01
9.559559559559559148e+02 9.989390766679773215e-01
9.609609609609609606e+02 9.989445052522714086e-01
9.659659659659660065e+02 9.989498958919800220e-01
9.709709709709709387e+02 9.989552557220719997e-01
9.759759759759759845e+02 9.989605905923375495e-01
9.809809809809810304e+02 9.989659048062154989e-01
9.859859859859859625e+02 9.989712010036131407e-01
9.909909909909910084e+02 9.989764800979961112e-01
9.959959959959959406e+02 9.989817412592215673e-01
1.001001001001000986e+03 9.989869820698658032e-01
1.006006006006006032e+03 9.989921986266403486e-01
1.011011011011010964e+03 9.989973858020534392e-01
1.016016016016016010e+03 9.990025375211351033e-01
1.021021021021021056e+03 9.990076470844490020e-01
1.026026026026026102e+03 9.990127075158541370e-01
1.031031031031031034e+03 9.990177119188693444e-01
1.036036036036035966e+03 9.990226538252787725e-01
1.041041041041041126e+03 9.990275275200908300e-01
1.046046046046046058e+03 9.990323283282311895e-01
1.051051051051050990e+03 9.990370528502170444e-01
1.056056056056056150e+03 9.990416991368731292e-01
1.061061061061061082e+03 9.990462667931914176e-01
1.066066066066066014e+03 9.990507570146280880e-01
1.071071071071071174e+03 9.990551725424507978e-01
1.076076076076076106e+03 9.990595175983060239e-01
1.081081081081081038e+03 9.990637975424323525e-01
1.086086086086086198e+03 9.990680188706352327e-01
1.091091091091091130e+03 9.990721887892618502e-01
1.096096096096096062e+03 9.990763149387001940e-01
1.101101101101100994e+03 9.990804050645339940e-01
1.106106106106106154e+03 9.990844666863917256e-01
1.111111111111111086e+03 9.990885067796834162e-01
1.116116116116116018e+03 9.990925314847128869e-01
1.121121121121121178e+03 9.990965458562514057e-01
1.126126126126126110e+03 9.991005536647044050e-01
1.131131131131131042e+03 9.991045572575304456e-01
1.136136136136136201e+03 9.991085574867468733e-01
1.141141141141141134e+03 9.991125537052639727e-01
1.146146146146146066e+03 9.991165438316316205e-01
1.151151151151151225e+03 9.991205244796369511e-01
1.156156156156156158e+03 9.991244911610177581e-01
1.161161161161161090e+03 9.991284384626766268e-01
1.166166166166166249e+03 9.991323604003801151e-01
1.171171171171171181e+03 9.991362507094271317e-01
1.176176176176176114e+03 9.991401030915890713e-01
1.181181181181181273e+03 9.991439115773143032e-01
1.186186186186186205e+03 9.991476708024490394e-01
1.191191191191191137e+03 9.991513762682117106e-01
1.196196196196196297e+03 9.991550245589452262e-01
1.201201201201201229e+03 9.991586135080257058e-01
1.206206206206206161e+03 9.991621423047535311e-01
1.211211211211211321e+03 9.991656115378177994e-01
1.216216216216216253e+03 9.991690231738759032e-01
1.221221221221221185e+03 9.991723804727652425e-01
1.226226226226226117e+03 9.991756878437605405e-01
1.231231231231231277e+03 9.991789506499659801e-01
1.236236236236236209e+03 9.991821749702310962e-01
1.241241241241241141e+03 9.991853673298711769e-01
1.246246246246246301e+03 9.991885344128027535e-01
1.251251251251251233e+03 9.991916827684537150e-01
1.256256256256256165e+03 9.991948185269510230e-01
1.261261261261261325e+03 9.991979471355787457e-01
1.266266266266266257e+03 9.992010731284624026e-01
1.271271271271271189e+03 9.992041999397625052e-01
1.276276276276276349e+03 9.992073297686383526e-01
1.281281281281281281e+03 9.992104635017621250e-01
1.286286286286286213e+03 9.992136006964970063e-01
1.291291291291291373e+03 9.992167396250700717e-01
1.296296296296296305e+03 9.992198773771644449e-01
1.301301301301301237e+03 9.992230100158991934e-01
1.306306306306306396e+03 9.992261327795276538e-01
1.311311311311311329e+03 9.992292403192852834e-01
1.316316316316316261e+03 9.992323269621962156e-01
1.321321321321321420e+03 9.992353869865855387e-01
1.326326326326326353e+03 9.992384148975514968e-01
1.331331331331331285e+03 9.992414056897573893e-01
1.336336336336336444e+03 9.992443550855764078e-01
1.341341341341341376e+03 9.992472597378360133e-01
1.346346346346346309e+03 9.992501173881245258e-01
1.351351351351351241e+03 9.992529269737201458e-01
1.356356356356356400e+03 9.992556890738223396e-01
1.361361361361361332e+03 9.992584039267471407e-01
1.366366366366366265e+03 9.992610753180396488e-01
1.371371371371371424e+03 9.992637065108451733e-01
1.376376376376376356e+03 9.992663019633980515e-01
1.381381381381381289e+03 9.992688671930191058e-01
1.386386386386386448e+03 9.992714076108456522e-01
1.391391391391391380e+03 9.992739291963231851e-01
1.396396396396396312e+03 9.992764377701381928e-01
1.401401401401401472e+03 9.992789388296021702e-01
1.406406406406406404e+03 9.992814373076526202e-01
1.411411411411411336e+03 9.992839373593747077e-01
1.416416416416416496e+03 9.992864421856606505e-01
1.421421421421421428e+03 9.992889539018445788e-01
1.426426426426426360e+03 9.992914734570372826e-01
1.431431431431431520e+03 9.992940006075116122e-01
1.436436436436436452e+03 9.992965339449888518e-01
1.441441441441441384e+03 9.992990709781400804e-01
1.446446446446446544e+03 9.993016082631995811e-01
1.451451451451451476e+03 9.993041415773353808e-01
1.456456456456456408e+03 9.993066661265375128e-01
1.461461461461461568e+03 9.993091767782166235e-01
1.466466466466466500e+03 9.993116683076657125e-01
1.471471471471471432e+03 9.993141356469675829e-01
1.476476476476476364e+03 9.993165741248841716e-01
1.481481481481481524e+03 9.993189796867778529e-01
1.486486486486486456e+03 9.993213490845821445e-01
1.491491491491491388e+03 9.993236800283015198e-01
1.496496496496496547e+03 9.993259712923349136e-01
1.501501501501501480e+03 9.993282227720359234e-01
1.506506506506506412e+03 9.993304354882494023e-01
1.511511511511511571e+03 9.993326115399581155e-01
1.516516516516516504e+03 9.993347540075659952e-01
1.521521521521521436e+03 9.993368668115875098e-01
1.526526526526526595e+03 9.993389545335361612e-01
1.531531531531531527e+03 9.993410222074959881e-01
1.536536536536536460e+03 9.993430750921536987e-01
1.541541541541541619e+03 9.993451184338936200e-01
1.546546546546546551e+03 9.993471572319040375e-01
1.551551551551551483e+03 9.993491960161612342e-01
1.556556556556556643e+03 9.993512386481693266e-01
1.561561561561561575e+03 9.993532881538844670e-01
1.566566566566566507e+03 9.993553465958957549e-01
1.571571571571571667e+03 9.993574149907217263e-01
1.576576576576576599e+03 9.993594932783008700e-01
1.581581581581581531e+03 9.993615803195833314e-01
1.586586586586586691e+03 9.993636739972290295e-01
1.591591591591591623e+03 9.993657712894281619e-01
1.596596596596596555e+03 9.993678684381998023e-01
1.601601601601601487e+03 9.993699611289971196e-01
1.606606606606606647e+03 9.993720446983237471e-01
1.611611611611611579e+03 9.993741143559989881e-01
1.616616616616616511e+03 9.993761654119118765e-01
1.621621621621621671e+03 9.993781934965213498e-01
1.626626626626626603e+03 9.993801947652718454e-01
1.631631631631631535e+03 9.993821660774819815e-01
1.636636636636636695e+03 9.993841051413935306e-01
1.641641641641641627e+03 9.993860106186108760e-01
1.646646646646646559e+03 9.993878821788553246e-01
1.651651651651651719e+03 9.993897203726846978e-01
1.656656656656656651e+03 9.993915275870297599e-01
1.661661661661661583e+03 9.993933055285433298e-01
1.666666666666666742e+03 9.993950580888848467e-01
1.671671671671671675e+03 9.993967892384802987e-01
1.676676676676676607e+03 9.993985034785137778e-01
1.681681681681681766e+03 9.994002055561860276e-01
1.686686686686686699e+03 9.994019002492363635e-01
1.691691691691691631e+03 9.994035921502816278e-01
1.696696696696696790e+03 9.994052854606284564e-01
1.701701701701701722e+03 9.994069838050860799e-01
1.706706706706706655e+03 9.994086900755491110e-01
1.711711711711711814e+03 9.994104062855355686e-01
1.716716716716716746e+03 9.994121335220509383e-01
1.721721721721721678e+03 9.994138718802521026e-01
1.726726726726726838e+03 9.994156204755009210e-01
1.731731731731731770e+03 9.994173774896345508e-01
1.736736736736736702e+03 9.994191402851165806e-01
1.741741741741741635e+03 9.994209054934739545e-01
1.746746746746746794e+03 9.994226692202493600e-01
1.751751751751751726e+03 9.994244272103444127e-01
1.756756756756756658e+03 9.994261750541079126e-01
1.761761761761761818e+03 9.994279083950988740e-01
1.766766766766766750e+03 9.994296231341798231e-01
1.771771771771771682e+03 9.994313156205627546e-01
1.776776776776776842e+03 9.994329828210893885e-01
1.781781781781781774e+03 9.994346224600838546e-01
1.786786786786786706e+03 9.994362331235031593e-01
1.791791791791791866e+03 9.994378143227924394e-01
1.796796796796796798e+03 9.994393665157357276e-01
1.801801801801801730e+03 9.994408910835789195e-01
1.806806806806806890e+03 9.994423902657240122e-01
1.811811811811811822e+03 9.994438670527788782e-01
1.816816816816816754e+03 9.994453250601859073e-01
1.821821821821821914e+03 9.994467683374066436e-01
1.826826826826826846e+03 9.994482012064647147e-01
1.831831831831831778e+03 9.994496280525123622e-01
1.836836836836836937e+03 9.994510531271675324e-01
1.841841841841841870e+03 9.994524803565908444e-01
1.846846846846846802e+03 9.994539131655582054e-01
1.851851851851851961e+03 9.994553543255425554e-01
1.856856856856856894e+03 9.994568058336634753e-01
1.861861861861861826e+03 9.994582688279213256e-01
1.866866866866866758e+03 9.994597435424071863e-01
1.871871871871871917e+03 9.994612293043573237e-01
1.876876876876876850e+03 9.994627245729426068e-01
1.881881881881881782e+03 9.994642270178012433e-01
1.886886886886886941e+03 9.994657336334812348e-01
1.891891891891891873e+03 9.994672408843321421e-01
1.896896896896896806e+03 9.994687448730179558e-01
1.901901901901901965e+03 9.994702415247674887e-01
1.906906906906906897e+03 9.994717267787959214e-01
1.911911911911911830e+03 9.994731967780463577e-01
1.916916916916916989e+03 9.994746480485275919e-01
1.921921921921921921e+03 9.994760776600403185e-01
1.926926926926926853e+03 9.994774833609950671e-01
1.931931931931932013e+03 9.994788636812436122e-01
1.936936936936936945e+03 9.994802179983590662e-01
1.941941941941941877e+03 9.994815465645006114e-01
1.946946946946947037e+03 9.994828504928301438e-01
1.951951951951951969e+03 9.994841317043138273e-01
1.956956956956956901e+03 9.994853928375641017e-01
1.961961961961962061e+03 9.994866371260586746e-01
1.966966966966966993e+03 9.994878682485662802e-01
1.971971971971971925e+03 9.994890901597911492e-01
1.976976976976977085e+03 9.994903069091483072e-01
1.981981981981982017e+03 9.994915224546406796e-01
1.986986986986986949e+03 9.994927404890946443e-01
1.991991991991991881e+03 9.994939642646075706e-01
1.996996996996997041e+03 9.994951964537478473e-01
2.002002002002001973e+03 9.994964390308080926e-01
2.007007007007006905e+03 9.994976931818991828e-01
2.012012012012012065e+03 9.994989592636333020e-01
2.017017017017016997e+03 9.995002367882218630e-01
2.022022022022021929e+03 9.995015244535451204e-01
2.027027027027027088e+03 9.995028202093487746e-01
2.032032032032032021e+03 9.995041213575593941e-01
2.037037037037036953e+03 9.995054246819269350e-01
2.042042042042042112e+03 9.995067266008819118e-01
2.047047047047047045e+03 9.995080233364521671e-01
2.052052052052052204e+03 9.995093110913820800e-01
2.057057057057057136e+03 9.995105862262526619e-01
2.062062062062062068e+03 9.995118454284497300e-01
2.067067067067067001e+03 9.995130858652316874e-01
2.072072072072071933e+03 9.995143053139324829e-01
2.077077077077076865e+03 9.995155022633998021e-01
2.082082082082082252e+03 9.995166759821486613e-01
2.087087087087087184e+03 9.995178265502415726e-01
2.092092092092092116e+03 9.995189548536087543e-01
2.097097097097097048e+03 9.995200625412420381e-01
2.102102102102101981e+03 9.995211519474217488e-01
2.107107107107106913e+03 9.995222259827148958e-01
2.112112112112112300e+03 9.995232879989273123e-01
2.117117117117117232e+03 9.995243416343314591e-01
2.122122122122122164e+03 9.995253906464462990e-01
2.127127127127127096e+03 9.995264387400463191e-01
2.132132132132132028e+03 9.995274893984303910e-01
2.137137137137136961e+03 9.995285457256599670e-01
2.142142142142142347e+03 9.995296103069937210e-01
2.147147147147147280e+03 9.995306850938694421e-01
2.152152152152152212e+03 9.995317713186111508e-01
2.157157157157157144e+03 9.995328694426591776e-01
2.162162162162162076e+03 9.995339791405318808e-01
2.167167167167167008e+03 9.995350993201447265e-01
2.172172172172172395e+03 9.995362281783047864e-01
2.177177177177177327e+03 9.995373632887328830e-01
2.182182182182182260e+03 9.995385017183689991e-01
2.187187187187187192e+03 9.995396401652175689e-01
2.192192192192192124e+03 9.995407751188176704e-01
2.197197197197197056e+03 9.995419030171093233e-01
2.202202202202201988e+03 9.995430204173970656e-01
2.207207207207207375e+03 9.995441241547722289e-01
2.212212212212212307e+03 9.995452114882601435e-01
2.217217217217217240e+03 9.995462802267571778e-01
2.222222222222222172e+03 9.995473288290391833e-01
2.227227227227227104e+03 9.995483564733562698e-01
2.232232232232232036e+03 9.995493630935420315e-01
2.237237237237237423e+03 9.995503493801242145e-01
2.242242242242242355e+03 9.995513167470057025e-01
2.247247247247247287e+03 9.995522672621898197e-01
2.252252252252252219e+03 9.995532035554925976e-01
2.257257257257257152e+03 9.995541286916660439e-01
2.262262262262262084e+03 9.995550460308515461e-01
2.267267267267267471e+03 9.995559590732832067e-01
2.272272272272272403e+03 9.995568712986658833e-01
2.277277277277277335e+03 9.995577860071990228e-01
2.282282282282282267e+03 9.995587061695606623e-01
2.287287287287287199e+03 9.995596342927258737e-01
2.292292292292292132e+03 9.995605723077354288e-01
2.297297297297297519e+03 9.995615214844885132e-01
2.302302302302302451e+03 9.995624823788760160e-01
2.307307307307307383e+03 9.995634548056210322e-01
2.312312312312312315e+03 9.995644378601045155e-01
2.317317317317317247e+03 9.995654299585877700e-01
2.322322322322322179e+03 9.995664289168818550e-01
2.327327327327327112e+03 9.995674320548785241e-01
2.332332332332332498e+03 9.995684363234753622e-01
2.337337337337337431e+03 9.995694384479530958e-01
2.342342342342342363e+03 9.995704350793612747e-01
2.347347347347347295e+03 9.995714229573740006e-01
2.352352352352352227e+03 9.995723990511294899e-01
2.357357357357357159e+03 9.995733607060051096e-01
2.362362362362362546e+03 9.995743057638600826e-01
2.367367367367367478e+03 9.995666887149540214e-01
2.372372372372372411e+03 9.995761405018421808e-01
2.377377377377377343e+03 9.995770290926743185e-01
2.382382382382382275e+03 9.995778989562250638e-01
2.387387387387387207e+03 9.995787512946845421e-01
2.392392392392392594e+03 9.995795879491250480e-01
2.397397397397397526e+03 9.995804112970396726e-01
2.402402402402402458e+03 9.995812241495922734e-01
2.407407407407407391e+03 9.995820296196434862e-01
2.412412412412412323e+03 9.995828309780231402e-01
2.417417417417417255e+03 9.995836315031132457e-01
2.422422422422422642e+03 9.995844343306733437e-01
2.427427427427427574e+03 9.995852423108348983e-01
2.432432432432432506e+03 9.995860578787252315e-01
2.437437437437437438e+03 9.995868829443094183e-01
2.442442442442442371e+03 9.995877188027351146e-01
2.447447447447447303e+03 9.995885663703925061e-01
2.452452452452452235e+03 9.995894248472209087e-01
2.457457457457457622e+03 9.995902941708342260e-01
2.462462462462462554e+03 9.995911727558784987e-01
2.467467467467467486e+03 9.995920586287503351e-01
2.472472472472472418e+03 9.995929493326386472e-01
2.477477477477477350e+03 9.995938420588685869e-01
2.482482482482482283e+03 9.995947337343610295e-01
2.487487487487487670e+03 9.995956212107146577e-01
2.492492492492492602e+03 9.995965013877088357e-01
2.497497497497497534e+03 9.995973713615974310e-01
2.502502502502502466e+03 9.995982285591362704e-01
2.507507507507507398e+03 9.995990708558420978e-01
2.512512512512512330e+03 9.995998966730671453e-01
2.517517517517517717e+03 9.996007050495342439e-01
2.522522522522522650e+03 9.996014956840957311e-01
2.527527527527527582e+03 9.996022689478905043e-01
2.532532532532532514e+03 9.996030258654396983e-01
2.537537537537537446e+03 9.996037680656870705e-01
2.542542542542542378e+03 9.996044977053595293e-01
2.547547547547547765e+03 9.996052173682781206e-01
2.552552552552552697e+03 9.996059299453725622e-01
2.557557557557557629e+03 9.996066385009985122e-01
2.562562562562562562e+03 9.996073461317631637e-01
2.567567567567567494e+03 9.996080558244372360e-01
2.572572572572572426e+03 9.996087703194374008e-01
2.577577577577577358e+03 9.996094919862481554e-01
2.582582582582582745e+03 9.996102227163528031e-01
2.587587587587587677e+03 9.996109638387153939e-01
2.592592592592592609e+03 9.996117160614100827e-01
2.597597597597597542e+03 9.996124794421890059e-01
2.602602602602602474e+03 9.996132533891050054e-01
2.607607607607607406e+03 9.996140366910908348e-01
2.612612612612612793e+03 9.996148275769757285e-01
2.617617617617617725e+03 9.996156238000807326e-01
2.622622622622622657e+03 9.996164227444301886e-01
2.627627627627627589e+03 9.996172215475686018e-01
2.632632632632632522e+03 9.996180172342754577e-01
2.637637637637637454e+03 9.996188068549664019e-01
2.642642642642642841e+03 9.996195876223754606e-01
2.647647647647647773e+03 9.996203570402362182e-01
2.652652652652652705e+03 9.996211130180587823e-01
2.657657657657657637e+03 9.996218539666104075e-01
2.662662662662662569e+03 9.996225788703885229e-01
2.667667667667667502e+03 9.996232873325524571e-01
2.672672672672672888e+03 9.996239795920166538e-01
2.677677677677677821e+03 9.996246565104831561e-01
2.682682682682682753e+03 9.996253195311901596e-01
2.687687687687687685e+03 9.996259706108373555e-01
2.692692692692692617e+03 9.996266121280963368e-01
2.697697697697697549e+03 9.996272467730150657e-01
2.702702702702702481e+03 9.996278774224531816e-01
2.707707707707707868e+03 9.996285070073663848e-01
2.712712712712712801e+03 9.940010697680820018e-01
2.717717717717717733e+03 1.030759746041905567e+00
2.722722722722722665e+03 1.003348777383047619e+00
2.727727727727727597e+03 9.996310678349263901e-01
2.732732732732732529e+03 9.996317289236873460e-01
2.737737737737737916e+03 9.996324007401002909e-01
2.742742742742742848e+03 9.996330834430905421e-01
2.747747747747747781e+03 9.996337765743716908e-01
2.752752752752752713e+03 9.996344790824679416e-01
2.757757757757757645e+03 9.996351893739927608e-01
2.762762762762762577e+03 9.996359053897414526e-01
2.767767767767767964e+03 9.996366247019768947e-01
2.772772772772772896e+03 9.996373446283657316e-01
2.777777777777777828e+03 9.996380623572329593e-01
2.782782782782782760e+03 9.996387750783313209e-01
2.787787787787787693e+03 9.996394801130671359e-01
2.792792792792792625e+03 9.996401750381850304e-01
2.797797797797798012e+03 9.996408577972192289e-01
2.802802802802802944e+03 1.047353675396188510e+00
2.807807807807807876e+03 9.996421809683561088e-01
2.812812812812812808e+03 9.996428198374460727e-01
2.817817817817817740e+03 9.996434435227801174e-01
2.822822822822822673e+03 9.996440527399071962e-01
2.827827827827827605e+03 9.996446487644926604e-01
2.832832832832832992e+03 9.996452333720432515e-01
2.837837837837837924e+03 9.996458087547939186e-01
2.842842842842842856e+03 9.996463774196530094e-01
2.847847847847847788e+03 9.996469420719971133e-01
2.852852852852852720e+03 9.996475054907204560e-01
2.857857857857857653e+03 9.996480704003616324e-01
2.862862862862863039e+03 9.996486393453939412e-01
2.867867867867867972e+03 9.996492145761679549e-01
2.872872872872872904e+03 9.996497979439717962e-01
2.877877877877877836e+03 9.996503908190992327e-01
2.882882882882882768e+03 9.996509940294789898e-01
2.887887887887887700e+03 9.996516078248796067e-01
2.892892892892893087e+03 9.996522318679048613e-01
2.897897897897898019e+03 9.996528652521030622e-01
2.902902902902902952e+03 9.996535065462603953e-01
2.907907907907907884e+03 9.996541538627404799e-01
2.912912912912912816e+03 9.996548049466429386e-01
2.917917917917917748e+03 9.996554572815916639e-01
2.922922922922923135e+03 9.996561082072172866e-01
2.927927927927928067e+03 9.996567550430358606e-01
2.932932932932932999e+03 9.996573952115357375e-01
2.937937937937937932e+03 9.996580263605566730e-01
2.942942942942942864e+03 9.996586464663383964e-01
2.947947947947947796e+03 9.996592539307652681e-01
2.952952952952952728e+03 9.996598476520160981e-01
2.957957957957958115e+03 9.996604270746008991e-01
2.962962962962963047e+03 9.996609922136057147e-01
2.967967967967967979e+03 9.996615436525305709e-01
2.972972972972972912e+03 9.996620825146194100e-01
2.977977977977977844e+03 9.996626104111181466e-01
2.982982982982982776e+03 9.996631293628809312e-01
2.987987987987988163e+03 9.996636417089552751e-01
2.992992992992993095e+03 9.996641499971967715e-01
2.997997997997998027e+03 9.996646568655808140e-01
3.003003003003002959e+03 9.996651649218026847e-01
3.008008008008007891e+03 9.996656766229170543e-01
3.013013013013012824e+03 9.996661941630290427e-01
3.018018018018018211e+03 9.996667193730943701e-01
3.023023023023023143e+03 9.996672536394319852e-01
3.028028028028028075e+03 9.996677978389656438e-01
3.033033033033033007e+03 9.996683523035680974e-01
3.038038038038037939e+03 9.996689168056152042e-01
3.043043043043042871e+03 9.996694905710268308e-01
3.048048048048048258e+03 9.996700723171964009e-01
3.053053053053053191e+03 9.996706603142553327e-01
3.058058058058058123e+03 9.996712524667662469e-01
3.063063063063063055e+03 9.996718464120125658e-01
3.068068068068067987e+03 9.996724396302999471e-01
3.073073073073072919e+03 9.996730295254999676e-01
3.078078078078077851e+03 9.996736137267827615e-01
3.083083083083083238e+03 9.996741898370306023e-01
3.088088088088088170e+03 9.996747559043241971e-01
3.093093093093093103e+03 9.996753103300286547e-01
3.098098098098098035e+03 9.996758519783036645e-01
3.103103103103102967e+03 9.996763802274039046e-01
3.108108108108107899e+03 9.996768949970922247e-01
3.113113113113113286e+03 9.996773967509803294e-01
3.118118118118118218e+03 9.996778864737673187e-01
3.123123123123123150e+03 9.996783656245071814e-01
3.128128128128128083e+03 9.996788360681371222e-01
3.133133133133133015e+03 9.996792999884993591e-01
3.138138138138137947e+03 9.996797597869229168e-01
3.143143143143143334e+03 9.996802179710922998e-01
3.148148148148148266e+03 9.996806770393626973e-01
3.153153153153153198e+03 9.996811393656301892e-01
3.158158158158158130e+03 9.996816070914961161e-01
3.163163163163163063e+03 9.996820820273621955e-01
3.168168168168167995e+03 9.996825655703059921e-01
3.173173173173173382e+03 9.996830586424374498e-01
3.178178178178178314e+03 9.996835616492609766e-01
3.183183183183183246e+03 9.996840744628617825e-01
3.188188188188188178e+03 9.996845964310869803e-01
3.193193193193193110e+03 9.996851264080788280e-01
3.198198198198198043e+03 9.996856628090324826e-01
3.203203203203202975e+03 9.996862036866065448e-01
3.208208208208208362e+03 9.996867468209982288e-01
3.213213213213213294e+03 9.996872898238517990e-01
3.218218218218218226e+03 9.996878302494759394e-01
3.223223223223223158e+03 9.996883657079213004e-01
3.228228228228228090e+03 9.996888939756941594e-01
3.233233233233233022e+03 9.996894130981288651e-01
3.238238238238238409e+03 9.996899214789095600e-01
3.243243243243243342e+03 9.996904179531489465e-01
3.248248248248248274e+03 9.996909018400356173e-01
3.253253253253253206e+03 9.996913729730976250e-01
3.258258258258258138e+03 9.996918317066200155e-01
3.263263263263263070e+03 9.996922788980103780e-01
3.268268268268268457e+03 9.996927158670033675e-01
3.273273273273273389e+03 9.996931443336551926e-01
3.278278278278278322e+03 9.996935663380513981e-01
3.283283283283283254e+03 9.996939841454942632e-01
3.288288288288288186e+03 9.996944001415850600e-01
3.293293293293293118e+03 9.996948167218576708e-01
3.298298298298298505e+03 9.996952361825639510e-01
3.303303303303303437e+03 9.996956606131977008e-01
3.308308308308308369e+03 9.996960918031256860e-01
3.313313313313313301e+03 9.996965311590430003e-01
3.318318318318318234e+03 9.996969796419622467e-01
3.323323323323323166e+03 9.996974377239018494e-01
3.328328328328328553e+03 9.996979053693938466e-01
3.333333333333333485e+03 9.996983820368271489e-01
3.338338338338338417e+03 9.996988667066438738e-01
3.343343343343343349e+03 9.996993579297592802e-01
3.348348348348348281e+03 9.996998538960092384e-01
3.353353353353353214e+03 9.997003525190507611e-01
3.358358358358358146e+03 9.997008515337522105e-01
3.363363363363363533e+03 9.997013486015420280e-01
3.368368368368368465e+03 9.997018414188311164e-01
3.373373373373373397e+03 9.997023278234945520e-01
3.378378378378378329e+03 9.997028058949731788e-01
3.383383383383383261e+03 9.997032740401716744e-01
3.388388388388388194e+03 9.997037310708482005e-01
3.393393393393393580e+03 9.997041762531762021e-01
3.398398398398398513e+03 9.997046093417681911e-01
3.403403403403403445e+03 9.997050305914796375e-01
3.408408408408408377e+03 9.997054407423277000e-01
3.413413413413413309e+03 9.997058409856850458e-01
3.418418418418418241e+03 9.997062329062623709e-01
3.423423423423423628e+03 9.997066184106930820e-01
3.428428428428428560e+03 9.997069996371176215e-01
3.433433433433433493e+03 9.997073788565221664e-01
3.438438438438438425e+03 9.997077583677996815e-01
3.443443443443443357e+03 9.997081403918233189e-01
3.448448448448448289e+03 9.997085269694293563e-01
3.453453453453453676e+03 9.997089198680016997e-01
3.458458458458458608e+03 9.997093205009481842e-01
3.463463463463463540e+03 9.997097298637398488e-01
3.468468468468468473e+03 9.997101484894251877e-01
3.473473473473473405e+03 9.997105764256081217e-01
3.478478478478478337e+03 9.997110132338955513e-01
3.483483483483483269e+03 9.997114580117730798e-01
3.488488488488488656e+03 9.997119094358359881e-01
3.493493493493493588e+03 9.997123658243135536e-01
3.498498498498498520e+03 9.997128252159588335e-01
3.503503503503503453e+03 9.997132854616032072e-01
3.508508508508508385e+03 9.997137443241205235e-01
3.513513513513513317e+03 9.997141995821661187e-01
3.518518518518518704e+03 9.997146491328897655e-01
3.523523523523523636e+03 9.997150910888831232e-01
3.528528528528528568e+03 9.997155238649131359e-01
3.533533533533533500e+03 9.997159462504564553e-01
3.538538538538538432e+03 9.997163574647386364e-01
3.543543543543543365e+03 9.997167571917803253e-01
3.548548548548548752e+03 9.997171455938926865e-01
3.553553553553553684e+03 9.997175233030625163e-01
3.558558558558558616e+03 9.997178913906796804e-01
3.563563563563563548e+03 9.997182513170747020e-01
3.568568568568568480e+03 9.997186048632438204e-01
3.573573573573573412e+03 9.997189540479644032e-01
3.578578578578578799e+03 9.997193010341723918e-01
3.583583583583583732e+03 9.997196480289415321e-01
3.588588588588588664e+03 9.997199971817076758e-01
3.593593593593593596e+03 9.997203504854358380e-01
3.598598598598598528e+03 9.997207096861011610e-01
3.603603603603603460e+03 9.997210761987612715e-01
3.608608608608608392e+03 9.997214510523488862e-01
3.613613613613613779e+03 9.997218348335973337e-01
3.618618618618618711e+03 9.997222276677611985e-01
3.623623623623623644e+03 9.997226292104820500e-01
3.628628628628628576e+03 9.997230386681957848e-01
3.633633633633633508e+03 9.997234548356803696e-01
3.638638638638638440e+03 9.997238761509894545e-01
3.643643643643643827e+03 9.997243007705273188e-01
3.648648648648648759e+03 9.997247266546553934e-01
3.653653653653653691e+03 9.997251516625714762e-01
3.658658658658658624e+03 9.997255736516024172e-01
3.663663663663663556e+03 9.997259905763078436e-01
3.668668668668668488e+03 9.997264005828238043e-01
3.673673673673673875e+03 9.997268020941055822e-01
3.678678678678678807e+03 9.997271938821635784e-01
3.683683683683683739e+03 9.997275751239894648e-01
3.688688688688688671e+03 9.997279454386188702e-01
3.693693693693693604e+03 9.997283049037477554e-01
3.698698698698698536e+03 9.997286540510530450e-01
3.703703703703703923e+03 9.997289938406328513e-01
3.708708708708708855e+03 9.997293256157124830e-01
3.713713713713713787e+03 9.997296510398037128e-01
3.718718718718718719e+03 9.997299720192359684e-01
3.723723723723723651e+03 9.997302906146966484e-01
3.728728728728728584e+03 9.997306089458815048e-01
3.733733733733733516e+03 9.997309290936761128e-01
3.738738738738738903e+03 9.997312530043943601e-01
3.743743743743743835e+03 9.997315824004743279e-01
3.748748748748748767e+03 9.997319187017562614e-01
3.753753753753753699e+03 9.997322629609298739e-01
3.758758758758758631e+03 9.997326158161011778e-01
3.763763763763763563e+03 9.997329774626204646e-01
3.768768768768768950e+03 9.997333476454196566e-01
3.773773773773773883e+03 9.997337256721597898e-01
3.778778778778778815e+03 9.997341104465254924e-01
3.783783783783783747e+03 9.997345005200741763e-01
3.788788788788788679e+03 9.997348941602034467e-01
3.793793793793793611e+03 9.997352894310519433e-01
3.798798798798798998e+03 9.997356842835676272e-01
3.803803803803803930e+03 9.997360766505606344e-01
3.808808808808808863e+03 9.997364645423493235e-01
3.813813813813813795e+03 9.997368461385608418e-01
3.818818818818818727e+03 9.997372198718946779e-01
3.823823823823823659e+03 9.997375844999680794e-01
3.828828828828829046e+03 9.997379391619831690e-01
3.833833833833833978e+03 9.997382834176302691e-01
3.838838838838838910e+03 9.997386172664768367e-01
3.843843843843843842e+03 9.997389411470063436e-01
3.848848848848848775e+03 9.997392559153946978e-01
3.853853853853853707e+03 9.997395628050632643e-01
3.858858858858858639e+03 9.997398633689228431e-01
3.863863863863864026e+03 9.997401594070187691e-01
3.868868868868868958e+03 9.997404528829569870e-01
3.873873873873873890e+03 9.997407458329946595e-01
3.878878878878878822e+03 9.997410402720116052e-01
3.883883883883883755e+03 9.997413381007120847e-01
3.888888888888888687e+03 9.997416410183317392e-01
3.893893893893894074e+03 9.997419504448743499e-01
3.898898898898899006e+03 9.997422674564302447e-01
3.903903903903903938e+03 9.997425927365384268e-01
3.908908908908908870e+03 9.997429265457953296e-01
3.913913913913913802e+03 9.997432687110570093e-01
3.918918918918918735e+03 9.997436186346939646e-01
3.923923923923924121e+03 9.997439753234159676e-01
3.928928928928929054e+03 9.997443374352852352e-01
3.933933933933933986e+03 9.997447033427001584e-01
3.938938938938938918e+03 9.997450712082525115e-01
3.943943943943943850e+03 9.997454390710007743e-01
3.948948948948948782e+03 9.997458049357562659e-01
3.953953953953954169e+03 9.997461668676002056e-01
3.958958958958959101e+03 9.997465230794650992e-01
3.963963963963964034e+03 9.997468720153680488e-01
3.968968968968968966e+03 9.997472124209944022e-01
3.973973973973973898e+03 9.997475434017881746e-01
3.978978978978978830e+03 9.997478644634546496e-01
3.983983983983983762e+03 9.997481755331544262e-01
3.988988988988989149e+03 9.997484769627490442e-01
3.993993993993994081e+03 9.997494421184357494e-01
3.998998998998999014e+03 9.997490543076359426e-01
4.004004004004003946e+03 9.997493328017620362e-01
4.009009009009008878e+03 9.997496066923160507e-01
4.014014014014013810e+03 9.997498778509008588e-01
4.019019019019019197e+03 9.997501482333960299e-01
4.024024024024024129e+03 9.997504197910802581e-01
4.029029029029029061e+03 9.997506943799482348e-01
4.034034034034033994e+03 9.997509736755509913e-01
4.039039039039038926e+03 9.997512590960675460e-01
4.044044044044043858e+03 9.997515517383921413e-01
4.049049049049049245e+03 9.997518523268555946e-01
4.054054054054054177e+03 9.997521611824080612e-01
4.059059059059059109e+03 9.997524782081423922e-01
4.064064064064064041e+03 9.997528028950884993e-01
4.069069069069068973e+03 9.997531343468549769e-01
4.074074074074073906e+03 9.997534713220967983e-01
4.079079079079079293e+03 9.997538122927973614e-01
4.084084084084084225e+03 9.997541555156459481e-01
4.089089089089089157e+03 9.997544991131723791e-01
4.094094094094094089e+03 9.997548411608815355e-01
4.099099099099099476e+03 9.997551797763385428e-01
4.104104104104104408e+03 9.997555132061006766e-01
4.109109109109109340e+03 9.997558399064747636e-01
4.114114114114114273e+03 9.997561586143997037e-01
4.119119119119119205e+03 9.997564684051989392e-01
4.124124124124124137e+03 9.997567687345692011e-01
4.129129129129129069e+03 9.997570594629080487e-01
4.134134134134134001e+03 9.997573408609021772e-01
4.139139139139138933e+03 9.997576135961553367e-01
4.144144144144143866e+03 9.997578787015291013e-01
4.149149149149148798e+03 9.997581375266940684e-01
4.154154154154153730e+03 9.997583916751765498e-01
4.159159159159159572e+03 9.997586429298336297e-01
4.164164164164164504e+03 9.997588931702281467e-01
4.169169169169169436e+03 9.997591442857435284e-01
4.174174174174174368e+03 9.997593980884431630e-01
4.179179179179179300e+03 9.997596562297188516e-01
4.184184184184184232e+03 9.997599201245458422e-01
4.189189189189189165e+03 9.997601908868424259e-01
4.194194194194194097e+03 9.997604692788722991e-01
4.199199199199199029e+03 9.997607556770130577e-01
4.204204204204203961e+03 9.997610500554064972e-01
4.209209209209208893e+03 9.997613519882290189e-01
4.214214214214213825e+03 9.997616606704130549e-01
4.219219219219219667e+03 9.997619749558314117e-01
4.224224224224224599e+03 9.997622934111328741e-01
4.229229229229229531e+03 9.997626143827101908e-01
4.234234234234234464e+03 9.997629360736786097e-01
4.239239239239239396e+03 9.997632566272839361e-01
4.244244244244244328e+03 9.997635742128793135e-01
4.249249249249249260e+03 9.997638871104908009e-01
4.254254254254254192e+03 9.997641937900776377e-01
4.259259259259259125e+03 9.997644929818301218e-01
4.264264264264264057e+03 9.997647837342958921e-01
4.269269269269268989e+03 9.997650654576656359e-01
4.274274274274273921e+03 9.997653379502603466e-01
4.279279279279278853e+03 9.997656014070459563e-01
4.284284284284284695e+03 9.997658564098025336e-01
4.289289289289289627e+03 9.997661038994691829e-01
4.294294294294294559e+03 9.997663451319642736e-01
4.299299299299299491e+03 9.997665816194447608e-01
4.304304304304304424e+03 9.997668150606271453e-01
4.309309309309309356e+03 9.997670472607689263e-01
4.314314314314314288e+03 9.997672800494332712e-01
4.319319319319319220e+03 9.997675151954308337e-01
4.324324324324324152e+03 9.997677543253854493e-01
4.329329329329329084e+03 9.997679988497522041e-01
4.334334334334334017e+03 9.997682498969235887e-01
4.339339339339338949e+03 9.997685082632559173e-01
4.344344344344344790e+03 9.997687743763267187e-01
4.349349349349349723e+03 9.997690482770326126e-01
4.354354354354354655e+03 9.997693296171957789e-01
4.359359359359359587e+03 9.997696176781268873e-01
4.364364364364364519e+03 9.997699114040072832e-01
4.369369369369369451e+03 9.997702094515071858e-01
4.374374374374374383e+03 9.997705102531654342e-01
4.379379379379379316e+03 9.997708120896267037e-01
4.384384384384384248e+03 9.997711131694695386e-01
4.389389389389389180e+03 9.997714117129217204e-01
4.394394394394394112e+03 9.997717060335081785e-01
4.399399399399399044e+03 9.997719946159481230e-01
4.404404404404403977e+03 9.997722761858250928e-01
4.409409409409409818e+03 9.997725497679752493e-01
4.414414414414414750e+03 9.997728147309248303e-01
4.419419419419419683e+03 9.997730708153617085e-01
4.424424424424424615e+03 9.997733181452886919e-01
4.429429429429429547e+03 9.997735572217965050e-01
4.434434434434434479e+03 9.997737888986766297e-01
4.439439439439439411e+03 9.997740143429681980e-01
4.444444444444444343e+03 9.997742349795939454e-01
4.449449449449449276e+03 9.997744524258739274e-01
4.454454454454454208e+03 9.997746684161070707e-01
4.459459459459459140e+03 9.997748847214019685e-01
4.464464464464464072e+03 9.997751030679079554e-01
4.469469469469469914e+03 9.997753250573029327e-01
4.474474474474474846e+03 9.997755520932104512e-01
4.479479479479479778e+03 9.997757853169194631e-01
4.484484484484484710e+03 9.997760255552994302e-01
4.489489489489489642e+03 9.997762732837233157e-01
4.494494494494494575e+03 9.997765286043708288e-01
4.499499499499499507e+03 9.997767912430459702e-01
4.504504504504504439e+03 9.997770605624530793e-01
4.509509509509509371e+03 9.997773355925752004e-01
4.514514514514514303e+03 9.997776150762912595e-01
4.519519519519519235e+03 9.997778975281410574e-01
4.524524524524524168e+03 9.997781813035063747e-01
4.529529529529529100e+03 9.997784501874893426e-01
4.534534534534534941e+03 9.997787459124145570e-01
4.539539539539539874e+03 9.997790233628582879e-01
4.544544544544544806e+03 9.997792955268325343e-01
4.549549549549549738e+03 9.997795611272916050e-01
4.554554554554554670e+03 9.997798191681862567e-01
4.559559559559559602e+03 9.997800689798611584e-01
4.564564564564564535e+03 9.997803102496348737e-01
4.569569569569569467e+03 9.997805430349474554e-01
4.574574574574574399e+03 9.997807677606399546e-01
4.579579579579579331e+03 9.997809851980332674e-01
4.584584584584584263e+03 9.997811964291208886e-01
4.589589589589589195e+03 9.997814027957255822e-01
4.594594594594595037e+03 9.997816058371267189e-01
4.599599599599599969e+03 9.997818072186337446e-01
4.604604604604604901e+03 9.997820086544950691e-01
4.609609609609609834e+03 9.997822118287198467e-01
4.614614614614614766e+03 9.997824183174559565e-01
4.619619619619619698e+03 9.997826295165317401e-01
4.624624624624624630e+03 9.997828465774671880e-01
4.629629629629629562e+03 9.997830703548418185e-01
4.634634634634634494e+03 9.997833013679040537e-01
4.639639639639639427e+03 9.997835397766925425e-01
4.644644644644644359e+03 9.997837853762046034e-01
4.649649649649649291e+03 9.997840376063694690e-01
4.654654654654654223e+03 9.997842955788225350e-01
4.659659659659660065e+03 9.997845581187073671e-01
4.664664664664664997e+03 9.997848238196148651e-01
4.669669669669669929e+03 9.997850911090979675e-01
4.674674674674674861e+03 9.997853583217105600e-01
4.679679679679679793e+03 9.997856237761837406e-01
4.684684684684684726e+03 9.997858858531628590e-01
4.689689689689689658e+03 9.997861430699331864e-01
4.694694694694694590e+03 9.997863941486576644e-01
4.699699699699699522e+03 9.997869308898187368e-01
4.704704704704704454e+03 9.997868741445794516e-01
4.709709709709709387e+03 9.997871019946983351e-01
4.714714714714714319e+03 9.997873216206456526e-01
4.719719719719720160e+03 9.997875333751187199e-01
4.724724724724725093e+03 9.997877379512755125e-01
4.729729729729730025e+03 9.997879363500714600e-01
4.734734734734734957e+03 9.997881298333374245e-01
4.739739739739739889e+03 9.997906508976360795e-01
4.744744744744744821e+03 9.997885080449396833e-01
4.749749749749749753e+03 9.997889080646651383e-01
4.754754754754754686e+03 9.997888854641845402e-01
4.759759759759759618e+03 9.997890778965113912e-01
4.764764764764764550e+03 9.997892747140268987e-01
4.769769769769769482e+03 9.997894770764437222e-01
4.774774774774774414e+03 9.997896858633381623e-01
4.779779779779779346e+03 9.997899016342451928e-01
4.784784784784785188e+03 9.997901246035584277e-01
4.789789789789790120e+03 9.997903546314190759e-01
4.794794794794795052e+03 9.997905912309844600e-01
4.799799799799799985e+03 9.997908335916984024e-01
4.804804804804804917e+03 9.997910806174633569e-01
4.809809809809809849e+03 9.997913309779166147e-01
4.814814814814814781e+03 9.997915831704160539e-01
4.819819819819819713e+03 9.997918355898538501e-01
4.824824824824824645e+03 9.997920866030537423e-01
4.829829829829829578e+03 9.997923346243096088e-01
4.834834834834834510e+03 9.997925781885783625e-01
4.839839839839839442e+03 9.997928160189462066e-01
4.844844844844845284e+03 9.997930470852661733e-01
4.849849849849850216e+03 9.997932706512872025e-01
4.854854854854855148e+03 9.997934863081042733e-01
4.859859859859860080e+03 9.997936939924336741e-01
4.864864864864865012e+03 9.997938939888867393e-01
4.869869869869869945e+03 9.997940869161675570e-01
4.874874874874874877e+03 9.997942736978858713e-01
4.879879879879879809e+03 9.997944555193395422e-01
4.884884884884884741e+03 9.997946337723060406e-01
4.889889889889889673e+03 9.997948099904087060e-01
4.894894894894894605e+03 9.997949857780726868e-01
4.899899899899899538e+03 9.997951627363474980e-01
4.904904904904904470e+03 9.997953423890438840e-01
4.909909909909910311e+03 9.997955261125843762e-01
4.914914914914915244e+03 9.997957150728044029e-01
4.919919919919920176e+03 9.997959101716037411e-01
4.924924924924925108e+03 9.997961120058722617e-01
4.929929929929930040e+03 9.997963208407284474e-01
4.934934934934934972e+03 9.997965365977669050e-01
4.939939939939939904e+03 9.997967588596784472e-01
4.944944944944944837e+03 9.997969868901461776e-01
4.949949949949949769e+03 9.997972196685765978e-01
4.954954954954954701e+03 9.997974559378683956e-01
4.959959959959959633e+03 9.997976942629874797e-01
4.964964964964964565e+03 9.997979330976727308e-01
4.969969969969970407e+03 9.997981708561084480e-01
4.974974974974975339e+03 9.997984059862989881e-01
4.979979979979980271e+03 9.997986370417299984e-01
4.984984984984985203e+03 9.997988627480104418e-01
4.989989989989990136e+03 9.997990820614369722e-01
4.994994994994995068e+03 9.997992942167819308e-01
5.000000000000000000e+03 9.997994987621360297e-01
